######Background-subtracted photometry errors:
#### Errors in [Jy] for photometry accross 12 wavebands as given below:
## 9e-6,12e-6,18e-6,25e-6,60e-6,65e-6,90e-6,100e-6,140e-6,160e-6,350e-6,550e-6 [m]
## AKARI_9,IRAS_12,AKARI_18,IRAS_25,IRAS_60,AKARI_65,AKARI_90,IRAS_100,AKARI_140,AKARI_160,PLANCK_350,PLANCK_550
1.459452406047387285e+02,5.052654332540703763e+04,5.922306158105991199e+04,4.563935026607898180e+04,4.731181537253607530e+04,2.558865003304101992e+05,3.900404693011653144e+05,4.004884362363317050e+05,5.143409965015267371e+05,8.062979656726628309e+05,7.926503935890697176e+05,2.809687833289691480e+05,9.037318273302716261e+04
1.266731867594738787e+02,7.418314620666770497e+04,1.587921369357249350e+05,1.408562529279642913e+05,2.960692085125302547e+05,1.239090079891062109e+06,1.236400547935088165e+06,9.418498082608154509e+05,1.552396785320798401e+06,1.286538563273134874e+06,1.395253681398837827e+06,3.421240922450005310e+05,1.068778428477273701e+05
9.376482384509564554e+02,2.317152695417473151e+05,2.177206052255968098e+05,3.161010931671130238e+05,5.917494090794970980e+05,3.920013987490144093e+06,5.544303506087130867e+06,6.154591883922916837e+06,7.611861129629072733e+06,1.238841019179500267e+07,1.261025874100691825e+07,3.179876278693877626e+06,9.021468548499632161e+05
1.021035088260122848e+03,2.591812937542620057e+05,2.393495789139002736e+05,4.035006113834737334e+05,6.804730473560054088e+05,4.112262158940250985e+06,5.835360170518646017e+06,6.452251712544636801e+06,7.938858954847715795e+06,1.298006273011885025e+07,1.321987532977240346e+07,3.326867664404247887e+06,9.473064145372321364e+05
8.894925861316648934e+02,2.401726231839439715e+05,1.962690412107187440e+05,3.710843925555458409e+05,5.514774766941992566e+05,2.921331789247557987e+06,3.567809830030796118e+06,4.320907819622077979e+06,5.473383655271854252e+06,9.038974530464457348e+06,9.113420418158158660e+06,2.337794282572938595e+06,6.907619190746152308e+05
8.207642882924624246e+02,2.124112411875760881e+05,1.798242743988108123e+05,3.455768858043631190e+05,5.339899569976853672e+05,2.732288370159300976e+06,3.219393560634783469e+06,3.639341992063648533e+06,4.771665950715068728e+06,7.830998864920663647e+06,7.863057331278909929e+06,2.033517922011207091e+06,6.104517115066895494e+05
5.499645453393112575e+02,1.416117423613004503e+05,9.360004268447365030e+04,1.551029390611897106e+05,1.993082331162910268e+05,1.186904576837543165e+06,1.912969982819010271e+06,2.002801170956757385e+06,2.349642504702018108e+06,4.396278955268234015e+06,4.737226556727083400e+06,1.215636668292069808e+06,3.851889290935802856e+05
2.692334348620820492e+02,9.487148747751982592e+04,5.717087068633577292e+04,9.362088898220371630e+04,5.779428513831766759e+04,3.461665543995177140e+05,5.174966611680579372e+05,6.148261792557205772e+05,8.155027073827650165e+05,1.509928086281768279e+06,1.564274520689599216e+06,5.530332840140492190e+05,1.820119656635313877e+05
3.409966204721134204e+02,1.022843995814921946e+05,6.164405603737062484e+04,1.123210809499790630e+05,8.096755099976618658e+04,5.714711702010368463e+05,8.367665751221448882e+05,9.257767148812472587e+05,1.146295366133896867e+06,2.096968622808268061e+06,2.788083761858534068e+06,7.206046900715257507e+05,2.373611533877062902e+05
4.351203790475346409e+02,1.149741801677733602e+05,7.237249496093505877e+04,1.268634364155085495e+05,1.035300649412704515e+05,7.172929534255240578e+05,1.297307937307200395e+06,1.280361240436735796e+06,1.513312138389952714e+06,2.987707102863655426e+06,3.065416816667964682e+06,9.448203811999669997e+05,3.095808223555800505e+05
4.732621489104512307e+02,1.217627389907827455e+05,8.141829112568065466e+04,1.176763737493497028e+05,1.240357422284344211e+05,8.406335747708062408e+05,1.338487288713685935e+06,1.429335028955121525e+06,1.734923502080731792e+06,3.390269888917075004e+06,3.837392689972182270e+06,1.033467737763672252e+06,3.371074082800676697e+05
4.087639423785314534e+02,1.124911442005921563e+05,1.480462570473782544e+05,1.156678105361184425e+05,1.413928962852230761e+05,6.530587507791947573e+05,1.251135408197277924e+06,1.170482071747710695e+06,1.372035360029082512e+06,2.672603743549164385e+06,3.230069199036293663e+06,8.778370884196754778e+05,2.888700669011193095e+05
3.434423670343160779e+02,1.053454811177118245e+05,1.528226792925254267e+05,1.273867837380098936e+05,1.291025220289950958e+05,4.434126850354627240e+05,8.667627439432422398e+05,9.151158555282248417e+05,1.031801544038180029e+06,1.978257651727668475e+06,2.696806299957401585e+06,7.122401665318619926e+05,2.354310739318109117e+05
4.071617760938300989e+02,1.176686607744423382e+05,1.543945529669378011e+05,1.187761085722451535e+05,1.430252721510458505e+05,6.478048840392994462e+05,1.245280840009550564e+06,1.157807232548123691e+06,1.355612053607193520e+06,2.610830539724849164e+06,3.191266571394433733e+06,8.748107198901918018e+05,2.883173479025274864e+05
3.966614537600277686e+02,1.170823449877286912e+05,1.539347367732707644e+05,1.163776949749302003e+05,1.414049746962087229e+05,6.281629899861892918e+05,1.227123855873416178e+06,1.118108753572201822e+06,1.307704176515619969e+06,2.493502378991577309e+06,3.095627102903019171e+06,8.511212062476078281e+05,2.810875118920381647e+05
4.108438928198892199e+02,1.118414754244543001e+05,8.200876170065297629e+04,1.229793719069178042e+05,9.728133282947436965e+04,6.496427390135943424e+05,1.245754026628065389e+06,1.158082641581637086e+06,1.362236977163492003e+06,2.618920431028722785e+06,3.195628849887508899e+06,8.867897953007697361e+05,2.928849661977425567e+05
4.986980050419024337e+02,1.479489692772834969e+05,9.184048318413244851e+04,2.027705459531614615e+05,1.217252773674498603e+05,8.267119673308462370e+05,1.962644915316184750e+06,2.044642215936128050e+06,1.876470921867936384e+06,4.432684779602218419e+06,4.297840324525003321e+06,1.122128901253198739e+06,3.605800972117309575e+05
5.895543753613702620e+02,1.565843904556204507e+05,1.367196075007014151e+05,1.737615422853702621e+05,3.271751231727540144e+05,1.878230198522774968e+06,2.017538224076905521e+06,2.489347531738828868e+06,3.232893969821495935e+06,5.337123866529906169e+06,5.553112575796172023e+06,1.457349675897530280e+06,4.467499384840746643e+05
6.556372344592961099e+02,1.757392519417960721e+05,1.314485169189720182e+05,2.008080693175724591e+05,1.795402233317040664e+05,1.259775003946676152e+06,2.185932897572890390e+06,2.894626271867461968e+06,3.262180446699740831e+06,6.501711884962432086e+06,6.854981728289349936e+06,1.649859755191071192e+06,5.002040822029813426e+05
9.098774626247039805e+02,2.059212264229774592e+05,2.154750515698153758e+05,2.822686539020999335e+05,5.572471160376272164e+05,3.709681551778699737e+06,3.934824761339901481e+06,5.679344933915065601e+06,7.249833862938014790e+06,1.164137063098213635e+07,1.212490766848853044e+07,3.072236343245809432e+06,8.765949088048649719e+05
9.078269074526975828e+02,8.627055144480451709e+05,2.042142102681175165e+05,3.483825521746411105e+05,4.622687774730237434e+05,2.998618878023690078e+06,3.746639011401058640e+06,4.801791801774887368e+06,6.090276634007073939e+06,1.026401951131027751e+07,1.022921505231487192e+07,2.610143478978601750e+06,7.614938983004743932e+05
1.070974599658436773e+03,2.693763159603133099e+05,2.617240211293372267e+05,4.335051172452854225e+05,6.958782821333159227e+05,4.155295170249103103e+06,4.482729440860950388e+06,5.473852791556172073e+06,7.935012692676754668e+06,1.287932270793323405e+07,1.324558154125170782e+07,3.323036096717839595e+06,9.531635020478714723e+05
1.076460663280458220e+03,2.916436040892767487e+05,2.358712486987555458e+05,4.521814844289579778e+05,6.083590076405531727e+05,3.442069533634239808e+06,4.582312032574917190e+06,5.690897021587505937e+06,6.812865309982891195e+06,1.159121951372638717e+07,1.171904462305145338e+07,2.922541404720630031e+06,8.577031223129385617e+05
1.270865080639845019e+03,3.386558956304252497e+05,3.033386400285561103e+05,5.092455247548410553e+05,8.464813377864048816e+05,5.088689909039111808e+06,7.613868808967412449e+06,8.173334221905660816e+06,9.883744043910918757e+06,1.611089948210017197e+07,1.672410794641652144e+07,4.135933692877772730e+06,1.177418634041780373e+06
1.425118481260900353e+03,8.913301900147013366e+05,3.819597469260465004e+05,6.214760725154844113e+05,1.135127340745557100e+06,6.135718955573521554e+06,9.596156028461743146e+06,9.845249567226370797e+06,1.176148857992017642e+07,1.900688616054936126e+07,1.941599258131934702e+07,4.748768721738475375e+06,1.346523686943564797e+06
1.442123699316638522e+03,8.792258219646977959e+05,3.973229908135876758e+05,6.170595099797457224e+05,1.266184078359507723e+06,6.329106252527082339e+06,9.712624518912356347e+06,9.998993147399488837e+06,1.204950209743052907e+07,1.941527100963971391e+07,1.969538749748045206e+07,4.815335533153294586e+06,1.363980702556534437e+06
1.464666065743381523e+03,8.889014544043508358e+05,3.905684451111430535e+05,6.412394935731057776e+05,1.168839586339125177e+06,6.360169538885934278e+06,9.863500849066583440e+06,1.016157781205023453e+07,1.219227865518652834e+07,1.969377980773358792e+07,1.999019253953767195e+07,4.875508424444348551e+06,1.381277960733304499e+06
1.482982599680789690e+03,8.935742266733426368e+05,4.109721508300148998e+05,6.578674748088647611e+05,1.304909067855305737e+06,6.534295966736232862e+06,9.984923479504007846e+06,1.028536480373677053e+07,1.239398774418126419e+07,1.991580998620598763e+07,2.021462170115144923e+07,4.934726984700219706e+06,1.397549234298548894e+06
1.481916805906180116e+03,8.819059439138456946e+05,4.032356114865894779e+05,7.142723114022102673e+05,1.263161383096226258e+06,6.485552165917586535e+06,9.995552462455423549e+06,1.024130184808055870e+07,1.226338199137188680e+07,1.975327831773424149e+07,2.004147409550566226e+07,4.893316751943225972e+06,1.387612825883714948e+06
1.511571817396232746e+03,8.998352390576882754e+05,4.483787889883715543e+05,7.490608060712161241e+05,1.418970340903996257e+06,6.730591605678916909e+06,1.023647419504203834e+07,1.046510328643568791e+07,1.257291967571828328e+07,2.014056303528695181e+07,2.043908390204005316e+07,4.990158633329290897e+06,1.414473119992631488e+06
1.492393507537841288e+03,8.849461748254322447e+05,4.416240663778763846e+05,7.355218585087661631e+05,1.394986625677561387e+06,6.617888180567055941e+06,1.004090991284937970e+07,1.028645890344839916e+07,1.236876266808295809e+07,1.981967516720998660e+07,2.011157078523050994e+07,4.915229493097137660e+06,1.393976438557157759e+06
1.502830190872899720e+03,8.919959717596551636e+05,4.449629328350042924e+05,7.414194383203641046e+05,1.406166215492895572e+06,6.670661272389113903e+06,1.014471377912427485e+07,1.037463909533592314e+07,1.246540756267527491e+07,1.997640083537117392e+07,2.027235992338237166e+07,4.951155993336911313e+06,1.403898942096872022e+06
1.522040070967673500e+03,9.016408482001906959e+05,4.499858098016129225e+05,7.495496982561458135e+05,1.421970956097466173e+06,6.745652912010204978e+06,1.025881393542287312e+07,1.049058060804991610e+07,1.260484446142452210e+07,2.020168492293264717e+07,2.050087197800017893e+07,5.005943610968039371e+06,1.419491199547807919e+06
1.472425174554213299e+03,8.683414379888722906e+05,4.320773463674809318e+05,7.215263061333739897e+05,1.365642943753555650e+06,6.479708877030348405e+06,9.852603449465956539e+06,1.008506381390756369e+07,1.212022440076090023e+07,1.944441890815505385e+07,1.973226098693070561e+07,4.824672762457024306e+06,1.369296438577590976e+06
1.561503269853007851e+03,9.261236545227861498e+05,4.470835217514373944e+05,7.609326092418297194e+05,1.349834539931801846e+06,6.830507746053487994e+06,1.050928413626622409e+07,1.076186563610738702e+07,1.287394202513040416e+07,2.073143720777301490e+07,2.103338183539156988e+07,5.129996907877362333e+06,1.454693444630462909e+06
1.518224288760654645e+03,8.978998887114853133e+05,4.477913923746976070e+05,7.431107514762496576e+05,1.412065945875225123e+06,6.698849267313619144e+06,1.018521180270234682e+07,1.042277983713637851e+07,1.252474226553871855e+07,2.008708346849519759e+07,2.038439638686442748e+07,4.981328833633727394e+06,1.413252541730292607e+06
1.517606430692416779e+03,8.971857086628333200e+05,4.501671002471717657e+05,7.463306568303296808e+05,1.410486227074907394e+06,6.691816003591391258e+06,1.017464165911862068e+07,1.041218468064290658e+07,1.251306278680676222e+07,2.006998913910106197e+07,2.030178231150117144e+07,4.978678377897592261e+06,1.412754399815707700e+06
1.494774991552542360e+03,8.860818739998500096e+05,4.424270720802490250e+05,7.348488419464414474e+05,1.389448011373170651e+06,6.586023485780145042e+06,1.001325104036892392e+07,1.025395332054636814e+07,1.232813451840735599e+07,1.978205460001044348e+07,2.007015595865598693e+07,4.907436736561184749e+06,1.392190912644876400e+06
1.137940404296061388e+03,7.859438176574121462e+05,3.615348240145216114e+05,5.047994304419862456e+05,1.105093832239815267e+06,4.546528056064241566e+06,6.474600068944565952e+06,6.577702668309060857e+06,8.197408033591889776e+06,1.319652197063029371e+07,1.343766809904365614e+07,3.380228286985407583e+06,9.724375390192816267e+05
9.874994078510334248e+02,7.779786911877184175e+05,3.230759527147360495e+05,5.443945036581994500e+05,1.074686543247878551e+06,3.899562871343052946e+06,5.383250356106479652e+06,5.135017090952036902e+06,6.428642733129827306e+06,9.914602288736041635e+06,9.985363715547308326e+06,2.581548539977876004e+06,7.640617519394441042e+05
1.132479422202509340e+03,8.121789209528181236e+05,3.847300268935711938e+05,5.988092520092767663e+05,1.174882698668574682e+06,5.118737046263952740e+06,7.915918675364546478e+06,7.799333271025821567e+06,9.562135579976692796e+06,1.513451797610077448e+07,1.530464399943020754e+07,3.743518351251634303e+06,1.065590808495400241e+06
1.228464226067190566e+03,7.879880854065221502e+05,3.929215515860799933e+05,6.252804966119002784e+05,1.210129962694356451e+06,5.671723134862349369e+06,8.668163170876137912e+06,8.726263384401328862e+06,1.048907947769094259e+07,1.662374238936761208e+07,1.698850763478297740e+07,4.152603423557075206e+06,1.173319061227763304e+06
1.077983168420442325e+03,8.116030237857316388e+05,3.710424246544977650e+05,5.860799729772981955e+05,1.171832352905452717e+06,4.686257675044728443e+06,6.743466624618818052e+06,6.734050109324489720e+06,8.210629628385749646e+06,1.310323711617169902e+07,1.340646173312960006e+07,3.341755687995617278e+06,9.579045434288535034e+05
1.273446253229682043e+03,8.452055977020462742e+05,4.178660917022656649e+05,6.580495903470277553e+05,1.292355279515996808e+06,5.989172237455748953e+06,9.392362083014283329e+06,9.368954086688885465e+06,1.105929130994444527e+07,1.752068730218563601e+07,1.785813220477464050e+07,4.355826501970840618e+06,1.231341981171582593e+06
8.900340662794560558e+02,8.002558654583939351e+05,3.163707663956727483e+05,4.889038257232580218e+05,9.243341445588759379e+05,3.285531523312281817e+06,4.131695839085157961e+06,4.325666063794050366e+06,5.656039142614589073e+06,8.818978117859743536e+06,9.059248974619235843e+06,2.303565510671275668e+06,6.813757803533567348e+05
6.274484253765485846e+02,7.761801554065651726e+05,3.105538864235173096e+05,4.762563954180082656e+05,1.021599737907409668e+06,3.008303382350723725e+06,4.376167670046212152e+06,3.354591053530771285e+06,4.162710581967482809e+06,5.699878171118696220e+06,5.749191252421766520e+06,1.514430234970175195e+06,4.604938689355076640e+05
3.476791261495828849e+02,7.533765991970089963e+05,1.989737739323352289e+05,2.013139957680641382e+05,5.841049524392035091e+05,1.741773569757747464e+06,1.650535294475238537e+06,1.157648155419671675e+06,2.218629400723154191e+06,2.322144491571129300e+06,2.348383048224659637e+06,7.351588623227846110e+05,2.350299928642130690e+05
5.840515626585597602e+02,7.376650017821229994e+05,2.933698492793121259e+05,4.576922209732006304e+05,9.750011184129113099e+05,2.913376965772481170e+06,4.176686264639556874e+06,3.328774268027652521e+06,4.140274307619698811e+06,5.667084148978328332e+06,5.796189195863803849e+06,1.506377142304545967e+06,4.476580283630761551e+05
2.988219111201585747e+02,7.481468599454667419e+05,1.970163547328591812e+05,1.990502441229535907e+05,5.799686571354662301e+05,1.720940580702298786e+06,1.618119143058042973e+06,1.067964244125614408e+06,2.127427731288113166e+06,1.911179441326185595e+06,1.939227115923092701e+06,6.497950055191132706e+05,2.081115628024854232e+05
3.476042590421313889e+02,1.708532926212989551e+05,2.098317847600331297e+05,2.277687528221227694e+05,6.255616827190698823e+05,2.830333767683620099e+06,4.422302401812772267e+06,3.875989093140466604e+06,4.424357693246222101e+06,6.991785740483151749e+06,6.923973984240297228e+06,1.590920325569437817e+06,4.370310310524335364e+05
2.737905667077727685e+02,1.546707688721426821e+05,1.981278965689457837e+05,1.948603872549492808e+05,5.765001032253839076e+05,1.731731655269772047e+06,1.579360795750073157e+06,1.012610029355761595e+06,2.233149216583432630e+06,2.015104124111367390e+06,2.045653441045018379e+06,7.102368993293162202e+05,2.192110492867559951e+05
2.161796434479315394e+02,7.092548289315989241e+05,1.764016300087215786e+05,1.873265763617172488e+05,5.482088707191663561e+05,1.630544356077305274e+06,1.539401459342099726e+06,9.723571139701082138e+05,1.978427775769941276e+06,1.583370250368835870e+06,1.646006336013516411e+06,5.463904801285365829e+05,1.723468803777532303e+05
1.926914250954052363e+02,1.479393152724697429e+05,1.797019267012824712e+05,1.880602077854182571e+05,5.608883079027780332e+05,1.668138377345017157e+06,1.559153228149059927e+06,9.728048446254914161e+05,2.015581762519216863e+06,1.523408564476704691e+06,1.550774634725511074e+06,5.143684138155263499e+05,1.595191846209260402e+05
9.366778695909838461e+02,7.328633012260700343e+05,3.204272935152580030e+05,5.410798585481069749e+05,1.075702763237807667e+06,4.616100295271678828e+06,7.131719004881721921e+06,6.960686346735632978e+06,8.340408522229838185e+06,1.303856261899279803e+07,1.312226924548321590e+07,3.190435753444412258e+06,9.033462109684224706e+05
1.778219283565894955e+02,1.482835734580698772e+05,1.909763718771952263e+05,1.885841122817494324e+05,5.641607046692523872e+05,1.669666825781362364e+06,1.564582151747866999e+06,9.652294946750422241e+05,1.996275044969219249e+06,1.362446091944083339e+06,1.394907766257046256e+06,4.860404858590186341e+05,1.508838154539259558e+05
7.630500828232837875e+02,7.235111905225514201e+05,2.761113333628633991e+05,4.769063982450446347e+05,8.842322122984705493e+05,4.265712083344298415e+06,6.974948056655986235e+06,6.673802898196272552e+06,7.833609007323509082e+06,1.214975462430969439e+07,1.214175552825463563e+07,2.935903518383933231e+06,8.199233678902749671e+05
1.664680170018060892e+02,1.473757148140906065e+05,1.773419399435505038e+05,1.879393707924959017e+05,5.617424779084639158e+05,1.667191588557220297e+06,1.560929124917840585e+06,9.475516573960436508e+05,1.990885769313057186e+06,1.337013611419046531e+06,1.370225136389983352e+06,4.745127894765480305e+05,1.464527276141654293e+05
1.551554962396486133e+02,6.984477553153365152e+05,1.760927343925173336e+05,1.810290828532938613e+05,5.462857421595018823e+05,1.622298321889317129e+06,1.521864005767477676e+06,9.237648858135428745e+05,1.935203702048291452e+06,1.301515509553868789e+06,1.336919415420365753e+06,4.552605512643117108e+05,1.397688046183635015e+05
1.522387482183067107e+02,1.447281600519778731e+05,1.402609349143668660e+05,1.799701896855710947e+05,5.489073097847149475e+05,1.646578763147988822e+06,1.544054813907649135e+06,9.322330650030494435e+05,1.958385174510651501e+06,1.274143410633048043e+06,1.310083149000255391e+06,4.488641657191120321e+05,1.370630673902136623e+05
1.693950301308741473e+02,1.453048020324707322e+05,1.378992308482833614e+05,1.807666109214999015e+05,5.520654795234071789e+05,1.652489776179912034e+06,1.528539478237544885e+06,9.226415809081003536e+05,1.969319510831837310e+06,1.287069824154536007e+06,1.324661318760301219e+06,4.561068487914974685e+05,1.398959217656251858e+05
1.526485214836122282e+02,9.966030203342600726e+04,1.373311571445524460e+05,1.753451596216462494e+05,5.451628554397710832e+05,1.635286235766681144e+06,1.519746552791956346e+06,9.181740148810354294e+05,1.945251421189218760e+06,1.270936318794490537e+06,1.305852525944766589e+06,4.434860042066439637e+05,1.351161755691928556e+05
1.692384508035311796e+02,1.353961544039676082e+05,1.610580343349413597e+05,1.796446974060624489e+05,5.551140408568336861e+05,1.653233616592788370e+06,1.524856081424537580e+06,9.186649940073100151e+05,1.968768649825652828e+06,1.283805834120505489e+06,1.322345543619250646e+06,4.546717131735744770e+05,1.396902396328795876e+05
1.653174734191190964e+02,6.936746963854609057e+05,1.368273285051042913e+05,1.461334082739726582e+05,5.103204467142370995e+05,1.347471452420147136e+06,1.123513781081791501e+06,7.565853159145964310e+05,1.636761375456444453e+06,1.137627610147939296e+06,1.193839101587004494e+06,4.291928620216829004e+05,1.324051114059182291e+05
2.819191996874839106e+02,9.700271022237766010e+04,1.423103033154316654e+05,1.802294141597847629e+05,5.551151123541931156e+05,1.688758705313542858e+06,1.584869514385472983e+06,1.161368231563576031e+06,2.168917619003136177e+06,2.296972660998812411e+06,2.310856592880948447e+06,6.595545763870028313e+05,2.048348603783762665e+05
2.189154706146735521e+02,6.968361625776423607e+05,1.379618933622495970e+05,1.733539054875143338e+05,5.368841603113703895e+05,1.600327907448191894e+06,1.124690149238502840e+06,8.007760804520364618e+05,1.932664256026894785e+06,1.468579330868252786e+06,1.444633420012466377e+06,5.170006974356046994e+05,1.626641065148682101e+05
6.215210586675269724e+02,1.760052773956572055e+05,2.043187652638377913e+05,3.445393205207117717e+05,7.416480261272421340e+05,2.957861892059464939e+06,3.851152461792048998e+06,3.972908928859104402e+06,5.061390625952051021e+06,7.265552656743962318e+06,7.434361388886605389e+06,1.882251577647957252e+06,5.418755533177681500e+05
3.161664965482414118e+02,1.055958673910577199e+05,1.431546736369533755e+05,1.913245731670491805e+05,5.615879753763775807e+05,1.707432881556966109e+06,1.812187532926108222e+06,1.334326640138910618e+06,2.205137768797454890e+06,2.450195346617666539e+06,2.473882968953455798e+06,7.149908783376559149e+05,2.249497361072689237e+05
5.009350966582566116e+02,1.485695508557861031e+05,1.823661247896352143e+05,2.395125336495411466e+05,6.247372739910833770e+05,3.048964609367160127e+06,4.656486672922744416e+06,4.390047021036679856e+06,5.342101308573400602e+06,8.396239269224293530e+06,8.406579118913637474e+06,2.012438594701652648e+06,5.618006102825346170e+05
5.787317246375204149e+02,1.750272941105699283e+05,2.707719708389366861e+05,4.630135564069813699e+05,9.868286325668505160e+05,2.962693450510876719e+06,4.288242597814610228e+06,3.412654571252115071e+06,4.200329605449008755e+06,5.793158651354368776e+06,5.908482960001869127e+06,1.504972731882027118e+06,4.445926929604570032e+05
6.621116037206535339e+02,1.932114708790902223e+05,2.781496187811644631e+05,4.844898887493850780e+05,1.006235233707889565e+06,3.269999721011867747e+06,3.584537443767733406e+06,4.088238329809607938e+06,5.022418487679042853e+06,7.221781357123571448e+06,7.348983172971204855e+06,1.846764340955862077e+06,5.395778097499542637e+05
3.442116651107152165e+02,1.199901100121558557e+05,1.535334032209177676e+05,2.185535726171768911e+05,5.950343286896549398e+05,2.271248467647910584e+06,3.510353934220819734e+06,3.137851142601274885e+06,3.848504431605466176e+06,5.559909139480933547e+06,5.199139984606238082e+06,1.275904207976650679e+06,3.593726001632018597e+05
1.461238482718240732e+02,8.128434302748224582e+04,1.317590607897025184e+05,1.850429919905044080e+05,5.598869637222627643e+05,1.672237082065852825e+06,1.688602348916469375e+06,9.711357824559117435e+05,1.980149084877002286e+06,1.238024675553537440e+06,1.304299740472672507e+06,4.219705929320455180e+05,1.257914073453915189e+05
1.466356324366132355e+02,8.168319244499133492e+04,1.266844724943804467e+05,1.573304448839524994e+05,5.330911680025361711e+05,1.396919990087744081e+06,1.262607544125164161e+06,7.993024434063207591e+05,1.684387846661647083e+06,1.081762529539760435e+06,1.142995185232789256e+06,4.020239241836284054e+05,1.204692866772428970e+05
1.478822963196562910e+02,8.046091004410247842e+04,1.269526963027983875e+05,1.555327649901145778e+05,5.331512477450130973e+05,1.389966224107738351e+06,1.480260590025410289e+06,8.600281269418927841e+05,1.670002552496043034e+06,1.031191939120457857e+06,1.112387162755877245e+06,3.972524674009857117e+05,1.189949394146268751e+05
1.454147843398807254e+02,7.673735334452608367e+04,1.272716617569670634e+05,1.486944575510777649e+05,5.351423951208936051e+05,1.402241685167651391e+06,1.133417115856545744e+06,7.493142759233295219e+05,1.690455834006142337e+06,1.064165969259802951e+06,1.142725801056831842e+06,4.017517253910127329e+05,1.201288748092644819e+05
7.289446735673813009e+02,7.052013978877286427e+05,2.661296776461146073e+05,4.570172690963590285e+05,8.577002533132128883e+05,3.848120568741942756e+06,6.236528720796097070e+06,5.885160174418074079e+06,6.932457304590011016e+06,1.098401520023657009e+07,1.093716164639207162e+07,2.640962553166113328e+06,7.429486395050454885e+05
1.456534297581330577e+02,8.258340971465977782e+04,1.325074848653270456e+05,1.785395565143326530e+05,5.620174772252811817e+05,1.664476203514865134e+06,1.493294576123933541e+06,8.670089254428158747e+05,1.961636493126192363e+06,1.143820703335451195e+06,1.249946728929349920e+06,4.115086083447285346e+05,1.214992758200446551e+05
1.449746701172192331e+02,7.856868106616075966e+04,1.288675331772102363e+05,1.493855887022476818e+05,5.390886242373882560e+05,1.412339485825073905e+06,1.134114377352707786e+06,7.538376363701589871e+05,1.707463168704702519e+06,1.072400681127004558e+06,1.115755322202619165e+06,4.082388847830123850e+05,1.216706316096009541e+05
1.482249678484432422e+02,8.001459836152626667e+04,1.290378311915845698e+05,1.506978439672207460e+05,5.416127049241069471e+05,1.392009401336958632e+06,1.163621848157742992e+06,7.832607996493107639e+05,1.678481051292125601e+06,1.119416813997852849e+06,1.206226045935228700e+06,4.053664433382962598e+05,1.202620221294643416e+05
1.485678844252063300e+02,6.325008592411394056e+04,7.314763873922395578e+04,1.086417927738256840e+05,1.837188615380868723e+05,9.680125398724470288e+05,1.084983609906396829e+06,6.190006074311117409e+05,1.181232722284183605e+06,9.775713286963626742e+05,1.094227559399204329e+06,3.324403946486937930e+05,1.053027170665706653e+05
1.569281349964348635e+02,6.256542591130873188e+04,7.326960830224939855e+04,1.093873482338349859e+05,1.847978403863734566e+05,9.765311512749984395e+05,1.120595274959014496e+06,6.566430510997815290e+05,1.186754856863946887e+06,1.038930638975694892e+06,1.068901461517972639e+06,3.401477840794466319e+05,1.077237617056013551e+05
1.606961447371355689e+02,4.962129219119267509e+04,6.567497362751957553e+04,4.085445023240819137e+04,4.789191045122250944e+04,3.110036514492533170e+05,4.924660021937701385e+05,4.602735451595636550e+05,5.847908459299175302e+05,8.992442929686118150e+05,8.891250966329572257e+05,3.209667751193697331e+05,1.040957220742401259e+05
1.542761109255167185e+02,6.337869884751921927e+04,7.304909122948566801e+04,1.094176856902848376e+05,1.840768681427872216e+05,9.630007524817300728e+05,1.088390745239855023e+06,6.207166209345579846e+05,1.163745002021638211e+06,1.020089984226944041e+06,1.057183027746865060e+06,3.318032293610900524e+05,1.053200955872086051e+05
1.518792115384331396e+02,5.475067646818322100e+04,6.507226867786197545e+04,4.139445104763473500e+04,4.636215275739435310e+04,2.388472308315585251e+05,3.564359871463875752e+05,3.826146614741720841e+05,5.087269627451185952e+05,8.314599722424334614e+05,8.295976634366847575e+05,3.057439637155975215e+05,9.907113324255720363e+04
1.611028434855958835e+02,6.256585230948494427e+04,5.822470826506550657e+04,1.095749007262763771e+05,4.641034066178736975e+04,2.702601223115069442e+05,4.084865503893212299e+05,4.197224538688631146e+05,5.580215271138442913e+05,8.910342030071512563e+05,8.833409822499589063e+05,3.227442543001954327e+05,1.045830891636469896e+05
1.665401703828511586e+02,6.077211031134095538e+04,6.306121211086823314e+04,4.964971896777255461e+04,4.706313468812072097e+04,2.598702462269226671e+05,3.659066159624501015e+05,4.129250154976763879e+05,5.535619589152773842e+05,8.876966319863602985e+05,8.820570245784673607e+05,3.276944937690399238e+05,1.060277276601785998e+05
1.708324202275326229e+02,5.388754123967541091e+04,4.408009259791896329e+04,4.121942871476423170e+04,4.189150399581868260e+04,2.674139511392588611e+05,4.079995829477737425e+05,4.240505253503989079e+05,5.685110536467232741e+05,9.205824994624833344e+05,9.130963949462743476e+05,3.392318151414480526e+05,1.100416248717347626e+05
1.220258423734044015e+02,5.895577468788303668e+04,8.590392792649159674e+04,1.136462502121641155e+05,2.468715580126222339e+05,1.111537430108970497e+06,1.046449782176403445e+06,7.005563716803158168e+05,1.390593252012552228e+06,9.507657316781447735e+05,9.653392585642710328e+05,2.902442060301052989e+05,8.856954060349411156e+04
1.739069812696884014e+02,5.440696119422342599e+04,4.436653608544896269e+04,4.278482352223304042e+04,4.216269245942043199e+04,2.686630010761467274e+05,4.095178984222204308e+05,4.277411584592904546e+05,5.735827152778757736e+05,9.373134030164014548e+05,9.285325930690616369e+05,3.472971749258075724e+05,1.128720140964245657e+05
1.767677120181133716e+02,5.418205305894922640e+04,4.402996371598976839e+04,4.313027089719689684e+04,4.122504080498624535e+04,2.522951488306881511e+05,4.121089872632935876e+05,4.218900247419010848e+05,5.595113756147779059e+05,9.365833808564399369e+05,9.294187347198179923e+05,3.476296722705350257e+05,1.131917440863900556e+05
1.778139365741199072e+02,5.463430350232386263e+04,4.451263265561369190e+04,4.380059415772720240e+04,5.564414967378059373e+04,2.924054378102957853e+05,4.493316463440762018e+05,4.892093718306843075e+05,6.009614196402340895e+05,9.616776431461250177e+05,9.799756247848910280e+05,3.562015948465579422e+05,1.158054382180485118e+05
1.415517825875420783e+02,4.906841774523307686e+04,3.996710085402731056e+04,4.494472774841680075e+04,4.146868111327879888e+04,2.600368642250112025e+05,3.935289149323071470e+05,4.046442613893254311e+05,5.279169952337315772e+05,8.114777175876827678e+05,8.015788129293366801e+05,2.818980073929772479e+05,9.020490135148665286e+04
1.799639104612360256e+02,5.543375350740039721e+04,4.494263855910353595e+04,4.506304782103832258e+04,5.028908091851852078e+04,2.771517416285072104e+05,4.243071902298734640e+05,4.288926499594299821e+05,5.860391902683862718e+05,9.631939029614049941e+05,9.653666997544176411e+05,3.560173191213718383e+05,1.158197198514435586e+05
1.464052647280703923e+02,4.873471853927185293e+04,4.104303363453630300e+04,4.484853100470716890e+04,4.198463580099003593e+04,2.641138265247592353e+05,3.962135277710226947e+05,4.104250022815693519e+05,5.450810071066156961e+05,8.381449646137410309e+05,8.297313878649191465e+05,2.884840026303405175e+05,9.210665458629684872e+04
6.215516879965786075e+02,1.129551569438949955e+05,1.516933749028760940e+05,1.972929466509689519e+05,4.139758882390374201e+05,2.845815902396539226e+06,4.625286762379441410e+06,4.741695097471025772e+06,5.663648278961054981e+06,9.223145229768514633e+06,9.658850956519644707e+06,2.380519152624617796e+06,6.657315148409953108e+05
1.455469280782903922e+02,5.002432563384059904e+04,4.109024197525146155e+04,4.373069325563655730e+04,4.202362056836448028e+04,2.635179685051658889e+05,3.895861022277540760e+05,4.235135112402206287e+05,5.451520519972799812e+05,8.374832942312940722e+05,8.301079779998707818e+05,2.892656287966648233e+05,9.237055610751172935e+04
5.308800759430025664e+02,1.467364026572181610e+05,1.133769181498475373e+05,2.375074679481109779e+05,2.574918848687505815e+05,1.583596413665928412e+06,1.886610333605230786e+06,2.376015798686367460e+06,3.155319431311790831e+06,5.268706142328860238e+06,5.089441474898790009e+06,1.354930174315448850e+06,4.006712796785497339e+05
1.302868871240793283e+02,4.567171981428665458e+04,5.817380539517648140e+04,4.172993714967644337e+04,3.614303787476590514e+04,1.171897321234576957e+05,1.950031126447758579e+05,2.649990873913259129e+05,3.469350388619808364e+05,6.289081904028739082e+05,6.026968398445042549e+05,2.321879491272404557e+05,7.520515475808216434e+04
